1335 564
852 121
702 98
1289 1244
1029 174
675 121
352 98
235 12
74 178
291 178
145 121
71 121
1155 942
755 58
77 12
460 98
597 121
76 98
135 98
277 121
811 286
965 412
1343 1120
957 824
1109 136
484 178
189 12
111 121
1130 118
220 121
33 175
1103 538
1166 541
17 6
7 157
271 98
200 12
710 41
284 98
331 178
455 178
454 121
971 538
974 1117
1162 538
1389 1059
431 178
686 41
740 58
611 121
271 12
1186 188
729 121
1066 799
1328 538
468 178
1158 538
1310 1132
731 98
404 178
126 121
320 12
1081 708
810 98
8 13
518 178
1308 452
841 58
94 12
350 178
1009 338
101 98
972 970
887 41
114 121
1378 784
345 12
131 98
576 121
859 58
1189 459
1364 903
54 178
498 121
49 12
552 344
889 58
1036 479
823 121
921 58
559 32
922 121
1292 486
354 121
1377 714
386 12
155 119
554 313
1158 333
989 295
912 41
873 121
1154 538
64 12
1073 108
561 821
947 121
357 98
1083 538
605 58
722 58
982 538
280 178
1234 1231
1006 538
1055 719
959 174
245 178
164 121
1245 794
683 121
383 121
666 98
418 12
1031 910
703 121
1377 462
257 178
19 152
84 178
388 1008
1177 538
49 121
349 121
328 121
908 41
169 121
424 121
1010 317
77 98
249 98
152 121
1363 716
1307 696
604 121
261 121
1106 538
267 12
211 121
787 949
535 20
1313 1097
608 98
918 41
1063 538
1181 637
46 178
833 867
812 98
490 178
914 98
1056 121
1182 590
803 121
1311 464
1067 495
198 121
841 121
710 121
1060 136
782 58
569 140
1077 795
976 1153
103 121
8 55
639 121
141 1047
996 338
1340 1207
1255 506
1215 251
968 57
1155 344
314 12
243 12
646 98
897 121
213 12
799 58
1260 349
694 98
1343 594
1183 121
384 98
1160 538
29 26
874 41
1129 118
1001 538
73 121
972 328
98 1080
252 178
1225 382
494 12
443 897
996 914
1265 365
78 12
1138 123
1167 167
1205 673
309 12
432 121
906 121
124 12
1018 520
505 178
1004 68
28 115
789 121
143 98
324 121
337 121
343 178
408 121
1261 349
350 121
868 58
707 121
455 98
1002 417
94 121
1064 103
370 906
1099 806
127 121
1051 58
900 58
99 178
1191 218
1094 708
247 178
1139 701
1000 65
1300 561
163 178
607 41
259 121
443 12
1160 157
1039 753
623 98
1023 82
983 65
597 58
890 121
167 12
811 41
927 121
883 121
3 1025
1242 335
52 58
858 41
988 208
209 98
605 41
535 306
1048 121
636 58
246 98
72 121
218 121
939 121
1129 168
672 58
1066 799
1135 98
1362 670
210 178
648 121
587 41
439 121
336 121
933 121
1030 1034
239 98
1019 741
543 1143
531 289
594 98
528 18
795 121
488 121
741 121
67 98
888 98
186 98
897 58
944 41
390 121
1106 708
1358 645
1063 103
415 121
182 98
930 121
360 98
167 392
573 98
123 178
95 98
508 121
463 178
262 121
116 121
6 1
1242 302
1049 121
7 1
714 58
482 12
173 115
869 58
350 98
1205 232
539 123
727 98
862 58
665 121
465 121
305 178
1024 154
1227 495
1143 701
5 397
1102 741
9 88
188 98
559 32
1099 538
1156 148
553 35
263 98
36 121
611 41
1120 115
1086 174
870 98
667 98
217 12
512 98
174 121
328 938
914 121
400 98
875 58
1046 178
1246 909
359 98
1211 242
577 41
880 121
622 41
467 12
339 121
641 121
971 538
1140 701
615 41
642 58
41 121
1006 538
1117 538
286 12
325 178
523 12
1290 434
692 1249
585 121
1038 101
1238 637
1071 421
387 12
1016 372
1309 455
1188 1129
764 41
114 121
474 121
966 115
794 41
714 41
361 178
50 121
51 121
854 98
697 121
867 41
1158 194
422 360
791 121
116 392
916 121
778 98
930 58
946 121
1353 1162
871 98
39 12
141 98
244 121
183 178
1354 637
176 98
146 98
541 799
1121 538
42 121
290 12
161 12
801 58
317 12
1353 634
1007 538
651 41
1382 1187
1320 647
294 12
458 12
691 41
1313 576
328 98
1166 390
442 121
779 121
1182 177
245 98
903 58
1177 174
847 98
393 121
519 121
413 121
483 12
273 178
514 121
1336 1064
920 41
530 701
63 98
555 267
1018 1208
829 121
813 58
5 451
812 121
810 58
1003 412
637 58
196 178
973 109
20 59
1165 1082
1007 538
491 121
886 121
886 58
839 121
709 41
281 121
1145 123
1149 126
106 1047
11 118
242 262
256 121
1179 538
1093 538
933 58
672 121
807 121
682 41
1018 355
25 753
683 58
282 12
1144 123
80 12
1308 662
1093 115
72 121
580 58
907 58
146 12
1186 860
726 121
173 12
1109 115
201 121
1123 115
146 121
1098 466
203 121
150 178
1183 58
1331 859
1129 134
1321 538
416 12
222 121
220 500
911 41
671 121
850 41
863 41
449 121
422 984
862 98
851 41
511 98
385 178
975 62
664 121
185 121
644 58
1304 552
300 900
1166 166
1288 399
59 121
79 178
118 98
27 7
254 121
1006 538
844 41
1062 103
74 12
842 41
1147 124
220 12
158 178
903 121
785 121
1284 1124
1150 126
16 131
1161 741
547 4
286 121
680 41
1018 248
22 153
1133 1041
1154 334
237 12
1235 884
761 98
1205 693
1124 280
797 41
353 121
1194 657
457 121
442 12
145 178
374 121
928 41
81 178
357 121
1240 296
144 98
596 98
193 12
24 59
242 12
1006 538
510 178
1155 143
579 58
777 121
827 121
464 121
181 12
830 121
477 121
99 98
1365 819
268 121
991 314
229 178
255 121
1254 670
266 12
1073 772
1180 194
824 121
1026 657
915 121
1014 75
177 12
1161 157
1300 574
1206 921
229 12
518 121
44 121
116 178
422 178
952 711
1187 740
1138 123
105 121
771 121
441 98
623 58
1064 353
1005 69
894 121
1219 255
698 58
1178 708
534 20
561 715
121 12
568 322
936 121
543 25
489 12
811 121
1187 340
637 98
993 174
1257 342
442 121
828 58
292 98
716 98
413 178
526 246
1004 708
649 41
1124 280
108 12
510 121
1165 538
265 121
1015 204
1022 412
852 58
868 41
666 121
608 121
395 12
450 121
1324 536
380 121
658 949
783 121
569 39
917 58
104 121
549 58
437 98
1221 919
712 41
1063 237
1266 443
536 133
657 58
400 12
626 58
1331 538
978 123
58 121
1292 636
873 98
1293 508
636 41
1063 103
623 949
446 12
14 147
608 121
1089 115
861 58
1359 650
387 121
819 41
1039 797
797 58
703 121
171 12
1114 115
1350 770
792 972
806 41
1062 103
464 121
1221 399
1259 436
1256 338
931 41
1360 659
928 121
993 115
974 127
1050 41
533 19
1012 639
1359 754
1345 1089
1171 294
748 121
627 58
927 41
213 121
617 98
1234 531
1041 178
1353 1136
25 717
165 12
236 98
695 41
995 192
818 58
919 58
253 12
29 16
854 41
1097 115
894 41
83 121
174 98
33 538
358 121
161 121
1037 136
572 98
850 58
322 178
1248 1174
218 12
728 98
794 58
738 121
1272 446
601 98
433 121
674 41
838 121
995 97
49 121
1187 543
943 41
937 121
744 98
45 121
374 12
705 121
1057 98
776 121
1210 362
195 121
576 121
608 393
763 58
994 65
442 178
569 183
978 701
938 58
542 619
598 41
633 110
651 58
109 121
523 178
1272 629
547 99
918 121
813 41
318 12
1238 989
422 117
631 41
583 41
394 178
242 178
1337 552
1030 1124
629 58
172 12
626 41
272 98
1378 784
1379 784
1217 253
201 500
1012 538
684 41
616 121
1047 121
1001 194
72 178
823 58
101 12
220 178
23 59
269 121
867 121
530 123
366 121
215 98
920 98
449 98
319 121
88 98
1204 1035
1352 627
695 121
129 121
1006 538
780 121
270 178
492 121
275 98
1153 303
831 121
772 41
587 98
1105 873
17 123
319 98
974 163
244 12
786 41
770 98
717 58
360 121
57 12
1364 808
585 121
477 121
1267 804
130 12
137 178
743 98
625 98
1331 858
52 98
231 12
634 58
603 58
1068 538
985 123
1246 902
326 98
858 98
1014 201
1320 503
376 12
946 41
1287 1042
10 3
1323 579
587 121
730 58
227 121
302 121
540 89
1115 115
936 121
787 121
397 121
1315 1114
307 392
197 121
1031 570
1010 74
1108 789
295 178
907 98
343 121
734 58
934 121
292 121
176 121
898 58
987 538
1229 485
152 178
607 98
417 121
440 98
639 58
333 178
447 121
7 1113
693 98
243 500
501 121
78 121
413 12
316 178
152 12
1143 180
1295 430
121 98
1248 729
783 41
234 98
1142 701
620 98
821 58
1304 809
993 314
832 98
200 121
139 900
1304 1150
974 857
409 98
394 121
947 41
688 972
500 12
246 1081
717 121
337 121
358 1047
476 121
1318 492
804 98
953 316
85 938
411 121
505 121
973 109
1325 537
5 539
343 98
1011 102
480 178
698 41
711 121
899 98
951 741
729 98
113 121
884 121
1042 98
195 12
155 98
651 121
163 12
924 58
17 701
1329 538
1085 115
1113 799
1027 115
1148 444
1226 727
1012 799
333 938
552 219
141 12
1350 1206
699 524
577 121
459 121
594 121
332 178
960 49
197 98
974 353
649 121
547 940
846 98
540 322
466 12
300 121
1120 115
1258 346
426 178
444 12
1050 98
781 98
788 121
907 121
526 15
869 98
1348 778
28 293
1243 329
1348 648
1221 947
217 98
404 12
552 267
939 41
1332 661
497 98
1379 784
322 98
149 178
831 41
929 121
458 121
111 178
1316 787
818 121
166 178
50 12
189 121
524 123
1052 58
862 121
170 121
1092 174
1134 176
3 443
201 98
1007 538
568 701
1270 893
777 121
238 121
140 121
1351 700
1255 540
1385 963
606 58
665 58
116 121
456 121
522 121
742 58
803 58
497 178
1349 754
1352 619
1105 115
701 121
1007 538
484 12
485 178
1287 494
102 12
262 98
1035 135
654 980
957 1092
532 273
317 98
722 121
615 121
48 121
315 178
872 58
1208 236
1037 276
861 615
1191 221
587 121
807 98
306 12
909 98
241 178
616 98
1122 708
624 98
777 58
415 12
806 121
844 121
967 57
524 538
940 121
283 121
1046 121
809 58
720 121
514 98
400 121
1049 121
221 900
1279 396
227 12
414 98
356 121
1279 646
18 6
1161 194
463 12
1010 260
470 12
811 854
90 98
748 121
1065 103
1314 935
527 29
1395 1237
715 58
1054 121
1297 1083
59 178
823 98
747 121
1179 538
462 98
954 46
200 392
1284 1121
50 121
1311 725
1089 115
550 28
1044 121
1210 513
580 98
590 58
37 12
11 118
597 41
1008 538
676 121
896 98
385 12
1079 195
557 28
535 690
931 121
292 178
108 121
621 121
197 12
1202 264
484 121
1165 538
1361 1062
1310 606
32 123
439 98
802 121
800 121
151 12
836 121
1378 784
221 178
1310 614
291 500
1141 498
820 41
729 58
1066 708
1053 886
1341 700
602 41
1222 258
1045 121
512 12
625 121
117 98
142 121
499 121
846 58
1189 1159
472 121
639 98
245 121
1012 799
431 121
944 108
529 901
1157 612
1039 958
1196 344
565 33
771 41
475 121
1047 41
756 58
1273 381
1169 757
324 12
1088 538
145 12
154 121
1220 865
963 305
904 121
1117 538
34 118
233 12
104 98
483 178
7 331
222 121
978 314
553 35
1337 751
345 178
957 48
1198 370
1200 710
1130 118
192 178
128 1081
435 12
272 121
119 178
801 121
840 121
1098 548
808 58
161 178
1103 538
493 121
589 98
277 12
911 98
1322 561
1246 697
616 41
585 98
1237 395
1313 476
1061 115
342 98
436 98
322 12
1006 71
817 58
362 121
94 178
1178 194
1034 538
650 58
749 98
661 41
396 121
131 121
430 12
1006 538
410 12
1301 1028
881 121
801 41
521 121
791 58
1111 220
501 98
226 121
385 98
736 121
764 121
162 12
75 98
963 774
983 114
1074 1210
1243 306
220 121
533 116
996 210
750 121
833 41
1034 400
294 98
1283 1212
665 121
708 98
197 121
503 98
379 121
1240 296
1133 734
1007 538
1154 235
477 1021
325 121
1004 115
636 121
94 98
1116 799
30 401
1086 115
202 178
922 58
551 108
560 314
51 121
571 41
233 178
10 1103
1223 342
1033 880
497 121
1174 379
150 98
1009 174
263 121
648 58
925 121
38 121
14 123
939 121
635 41
734 929
1301 1060
822 121
552 222
700 121
1168 342
180 385
846 121
1325 589
437 121
779 41
577 98
534 1184
277 121
443 121
930 121
71 178
578 121
1326 538
520 121
1271 693
1014 75
771 58
697 58
759 41
1252 413
1044 98
1037 136
113 12
88 121
454 12
1114 1111
113 178
129 98
48 121
136 98
533 651
551 234
754 121
826 98
835 41
899 121
106 121
584 41
192 98
354 178
299 12
640 58
917 41
500 98
308 178
1100 344
1033 883
601 41
1122 115
1109 538
1174 174
388 178
880 98
13 39
423 178
495 121
939 121
993 115
479 12
591 980
185 178
638 41
532 686
782 121
392 178
1083 115
873 41
216 121
370 475
110 1181
1249 315
101 121
864 121
335 12
241 12
625 121
1313 1020
384 121
1194 538
700 439
1341 1215
306 178
134 12
952 955
733 121
401 12
30 799
207 178
792 98
1242 934
144 178
853 121
432 98
1161 708
1243 665
902 41
378 178
537 557
573 58
1310 460
115 12
1210 238
1029 538
556 267
966 538
19 6
323 121
723 41
1101 115
391 12
1320 705
1026 262
22 40
1300 441
1269 855
1002 66
1163 189
472 98
9 90
911 121
1192 538
914 121
1187 764
454 178
121 121
778 41
133 98
218 121
398 12
1034 538
1216 1072
928 58
536 845
101 121
342 12
1340 566
479 121
312 12
1134 216
527 17
251 178
1047 98
585 1078
929 121
1012 75
86 121
87 121
123 121
762 121
107 121
349 121
959 49
639 121
1331 538
985 123
1369 739
604 121
954 132
435 121
213 178
45 178
789 58
803 41
246 12
1248 962
276 121
695 58
1305 1213
1367 1043
673 121
1356 1252
1297 1017
241 121
170 121
1079 374
413 121
1080 113
847 58
635 98
431 121
10 314
1011 102
988 65
745 121
289 932
694 121
819 121
904 121
272 12
1329 538
25 960
520 121
1060 136
382 12
1251 836
415 98
1250 476
707 987
1058 98
619 41
154 178
937 121
865 41
565 561
836 121
956 174
63 12
259 121
1362 1253
323 1008
849 98
828 121
331 121
890 58
151 178
501 12
214 98
28 7
1115 115
1297 1084
110 98
383 98
617 41
12 174
147 121
185 1047
992 65
50 1081
1099 799
266 98
47 121
371 121
735 121
1393 1168
1089 262
817 121
330 121
229 121
1175 174
599 98
565 174
1023 171
882 58
148 12
424 178
367 121
840 41
488 121
686 121
1251 673
423 98
746 98
1201 202
15 59
815 98
133 178
1273 979
85 12
1019 452
1343 624
1116 115
208 121
1145 701
900 121
260 98
444 98
1330 538
70 12
402 121
171 121
1141 701
378 121
678 121
973 531
119 121
34 118
358 178
1199 539
742 121
406 98
486 178
301 98
583 98
934 121
1117 115
392 932
140 12
448 98
563 538
995 314
796 58
846 41
269 178
1104 174
594 121
785 98
1097 174
1193 347
92 12
999 199
681 41
786 121
1179 538
1346 1087
700 121
256 98
101 178
61 178
653 98
1179 538
957 567
712 98
568 123
631 98
136 121
759 121
1296 1016
1112 160
911 58
34 11
747 41
1125 174
1349 633
845 58
1095 115
658 121
266 121
412 121
130 98
738 41
7 759
1322 515
1023 338
713 98
160 12
1197 538
819 58
535 633
962 50
1240 30
91 178
544 61
626 98
23 123
627 41
650 98
712 121
885 41
81 1134
1155 538
222 98
106 98
845 98
79 121
935 121
1154 538
745 98
52 121
945 121
1200 734
998 101
1375 989
79 121
579 121
1043 58
1106 115
160 121
512 178
117 121
272 121
994 446
1290 415
180 121
67 121
428 98
266 788
411 121
1234 315
1236 578
1140 701
1264 1242
1153 505
548 267
515 98
351 178
136 121
125 121
1198 196
234 12
1206 1118
532 19
1171 546
918 98
348 121
960 708
966 538
63 121
353 1008
207 121
1326 538
884 121
790 121
1203 796
553 28
1363 1179
30 268
887 58
768 98
27 864
347 178
198 98
925 58
609 121
421 121
1193 293
1345 601
926 121
754 41
209 178
780 121
808 98
1107 174
1024 293
984 314
301 121
90 121
26 154
679 98
959 276
660 121
1172 538
940 41
730 41
16 131
707 121
987 314
1289 414
199 12
857 98
318 178
1224 573
783 58
603 121
659 98
539 101
919 121
301 12
25 7
763 98
457 178
287 12
1150 259
470 178
718 121
726 98
757 98
1013 404
612 121
1195 750
405 121
1189 458
840 98
879 121
549 527
332 98
1361 665
798 41
1361 1078
883 98
52 121
34 32
714 98
836 58
760 121
1268 1003
87 178
596 121
32 701
259 178
204 121
477 98
156 98
510 12
51 178
337 98
653 41
363 121
593 121
519 121
789 41
277 178
569 81
152 793
363 121
958 115
1313 687
750 58
66 121
278 121
34 32
1100 115
357 178
914 58
449 12
505 121
711 58
1043 98
243 178
995 65
1121 115
1049 98
121 121
28 115
1314 705
1125 799
1271 538
1288 1079
46 121
953 1000
609 58
596 41
667 58
457 98
48 178
564 180
866 41
1030 957
179 121
592 121
410 178
1286 848
7 338
1304 451
1249 717
982 65
511 12
1099 115
1088 538
45 12
626 121
534 261
1118 174
1097 433
1030 685
1067 331
17 59
589 121
251 121
480 98
35 12
1228 452
1032 863
639 41
848 121
12 708
157 98
1275 801
870 121
81 121
1203 421
98 121
1120 538
437 12
1149 126
694 41
412 178
1299 712
792 58
451 121
428 12
1146 123
393 12
1070 103
925 41
1208 343
116 12
1297 435
127 12
1304 665
722 41
707 58
1025 433
562 726
936 58
614 121
258 12
219 98
1393 1169
352 549
16 180
191 121
52 41
233 98
258 121
772 121
1080 129
572 121
800 41
1108 115
552 538
1131 120
199 98
760 41
1015 77
856 121
1395 1240
1153 136
122 121
1012 289
897 121
513 98
1057 121
757 121
1069 115
451 121
665 98
55 12
490 121
1142 701
399 98
764 58
926 41
1184 920
609 41
705 121
732 41
517 121
1350 1162
1033 863
304 121
59 121
1009 280
591 41
761 41
886 98
295 12
1202 598
661 58
725 121
156 178
1200 1215
407 12
1082 115
407 98
610 121
678 98
1076 538
388 121
879 41
704 121
1360 1198
13 101
798 98
342 178
519 178
1084 412
488 98
1173 538
533 252
697 98
87 121
369 121
894 121
465 897
835 121
917 121
1062 556
1016 329
229 121
773 121
786 121
535 695
1108 155
1130 876
110 121
1172 708
629 98
769 121
768 121
880 41
881 58
829 121
255 178
403 178
366 12
1026 82
156 121
433 178
367 12
567 314
688 121
966 344
61 12
209 121
1041 121
563 852
653 121
579 782
793 58
878 98
481 121
1367 1116
345 121
103 178
426 12
756 41
307 98
155 119
944 108
858 121
438 98
437 178
1395 1238
1106 420
606 121
1064 548
643 58
761 121
201 12
279 12
860 121
1056 628
1265 454
1068 371
767 58
941 200
1096 538
692 386
1211 241
930 121
618 41
1003 68
461 98
1210 452
781 121
1214 753
1216 252
1364 1090
704 121
1033 1035
1350 1171
1316 786
716 121
1112 538
1022 115
1272 538
1364 681
375 1075
323 121
737 98
608 41
854 58
468 12
997 65
1213 247
288 178
313 98
645 58
1264 363
683 41
482 121
948 850
86 178
1150 126
640 41
538 22
181 121
1186 394
630 121
461 178
915 121
425 12
626 121
791 121
471 98
256 121
567 538
5 316
1220 368
443 121
599 121
655 121
200 178
1214 1158
281 98
1170 243
1027 538
701 58
588 980
625 41
76 12
176 121
491 98
336 1080
945 121
816 121
203 12
996 338
1022 347
824 41
464 178
1328 538
198 178
600 121
1125 115
946 58
1327 538
1021 338
967 701
30 486
109 1080
114 1047
998 115
602 121
570 41
935 121
658 41
515 121
1122 115
1156 911
828 41
55 178
405 12
914 925
999 452
494 98
605 98
175 98
85 121
445 121
480 121
129 12
816 121
377 98
520 121
473 121
933 121
6 161
118 121
1080 129
882 121
1106 337
1128 663
261 121
704 98
518 121
699 121
1348 1196
309 178
657 121
958 49
1036 89
1327 794
762 121
810 41
1097 115
591 58
19 875
418 178
537 21
1238 994
253 121
132 178
452 121
26 538
96 121
1018 311
159 98
851 98
1030 211
936 121
724 121
784 98
120 121
588 41
69 12
539 23
1339 600
330 178
1159 367
1171 337
756 121
836 41
384 121
837 121
1375 766
1152 349
384 178
1159 561
797 98
871 58
280 121
837 41
699 98
610 41
830 98
60 178
736 58
264 121
966 412
467 178
1213 637
590 41
1013 799
436 178
189 121
564 383
426 121
1025 82
612 41
900 121
318 121
726 121
322 121
215 121
343 12
493 178
1390 1088
369 12
366 178
1111 115
268 12
593 41
55 121
115 178
662 58
543 956
718 121
202 98
68 178
517 178
836 98
1091 115
802 41
974 208
1318 515
227 98
1065 708
1139 538
954 194
275 12
738 98
249 12
1009 82
184 121
477 178
539 123
970 849
1024 263
699 41
164 121
529 65
948 58
304 121
317 121
555 28
95 12
315 121
295 121
921 121
75 121
648 41
329 121
1000 314
663 121
700 98
871 41
1366 705
37 76
877 98
408 12
851 121
1034 672
1096 115
859 121
1223 258
356 12
1048 58
1217 382
1285 406
860 98
641 121
1256 538
364 392
670 58
494 121
1137 12
408 121
199 121
1126 115
147 178
735 58
814 98
951 157
1006 542
308 98
1074 668
22 6
1200 199
298 12
1056 121
933 121
686 121
1214 1235
212 121
875 121
160 98
550 267
436 121
448 178
812 58
974 488
147 121
200 121
627 98
872 98
430 121
1304 450
580 41
1018 470
1013 292
988 108
563 538
228 98
178 178
264 1178
674 121
892 41
316 12
1167 521
971 60
684 98
60 121
932 58
1045 121
1350 619
724 98
999 342
977 65
269 121
938 121
936 41
572 121
221 121
831 998
1018 968
189 178
1306 552
535 634
1350 692
7 741
837 58
788 98
975 419
566 665
26 969
1348 221
287 178
288 98
267 121
654 98
875 41
575 121
265 178
831 98
567 799
1328 538
746 58
380 178
1355 635
906 58
855 41
711 121
1366 904
1334 560
998 65
524 701
76 121
807 752
1338 1245
546 27
931 121
715 121
288 12
912 98
516 12
1113 708
1016 587
288 121
851 929
175 121
223 98
544 25
1228 266
430 121
729 41
835 121
896 121
1169 1112
409 178
997 115
270 500
79 98
436 12
1004 115
630 58
1294 452
798 121
704 41
865 121
445 178
1232 882
1066 103
820 121
281 12
1215 484
206 121
914 204
1179 708
383 12
237 121
368 178
1131 120
29 38
785 972
708 121
673 98
629 121
822 98
249 121
851 58
72 98
855 121
634 98
169 178
144 121
612 98
663 121
1292 1091
510 98
740 41
949 708
889 121
42 98
808 121
1358 820
586 58
410 121
1038 708
115 121
321 121
957 48
735 121
992 985
1373 837
284 178
5 279
1085 115
196 12
801 98
499 12
1379 784
624 58
655 41
18 33
526 56
424 121
631 121
1211 244
1310 734
1098 538
701 121
8 2
236 1178
124 121
814 41
1019 157
692 98
1214 250
221 98
365 121
46 98
976 63
1015 136
334 98
1088 115
1218 254
942 894
122 12
839 98
1300 482
1176 538
805 41
205 12
513 121
935 41
878 121
948 121
170 12
186 1047
534 608
1105 331
243 98
715 121
671 121
755 98
814 58
727 58
516 308
158 121
439 104
1043 121
550 691
18 162
1180 538
624 121
1380 1225
570 121
852 121
766 121
1061 115
523 121
704 980
1129 134
310 178
1137 98
1124 280
12 3
701 41
554 378
360 121
311 121
650 121
705 98
895 121
1032 1035
1109 136
1342 710
355 121
859 98
961 293
976 262
1342 734
641 41
292 12
1066 538
225 178
707 41
124 98
563 33
850 121
1350 1167
531 18
1058 121
1066 174
620 41
118 178
402 121
1138 765
1118 115
1320 1074
1001 82
183 121
99 121
920 58
870 58
217 178
1007 538
843 41
835 98
273 98
1044 121
706 58
688 121
1346 967
588 98
668 98
951 43
951 136
44 98
205 121
579 41
987 71
1263 416
349 12
864 98
1167 802
117 12
983 114
894 98
180 121
525 314
1332 1042
223 12
1138 701
905 98
1046 12
400 178
204 121
235 1178
295 98
1391 1123
275 121
61 121
23 123
50 178
281 130
66 98
963 632
796 121
1092 115
1344 608
986 216
1108 844
960 337
1284 405
504 121
353 12
846 98
1234 1095
1241 995
1141 123
702 41
1170 279
798 972
143 121
444 121
141 121
578 98
20 6
398 121
1001 65
994 652
164 98
424 12
1290 452
669 58
226 500
212 98
672 98
77 178
1079 767
253 98
263 178
857 121
189 897
600 121
1052 98
682 58
693 41
167 121
1174 203
333 121
1169 674
1349 619
1104 115
926 121
368 12
1038 174
1249 715
1326 538
481 121
598 98
1036 101
927 58
2 100
549 41
617 58
355 12
849 58
1265 522
1156 170
1053 116
1157 319
1264 1125
573 121
885 121
412 12
266 121
1334 546
345 98
631 58
865 98
683 98
370 12
743 121
1080 113
1029 344
1055 1070
491 178
203 121
840 58
1243 687
853 121
1275 1128
767 121
222 178
1339 738
1233 329
419 178
1029 82
757 121
808 121
1163 288
67 12
295 121
659 121
503 12
819 98
989 65
1197 194
584 98
164 12
1035 135
340 121
336 12
460 121
1120 538
1194 528
881 98
740 121
500 121
1169 643
56 12
965 53
820 98
453 98
323 12
865 121
913 41
497 121
1154 142
1112 322
969 121
1013 982
1056 98
1345 1030
990 123
1031 531
27 596
609 121
987 538
619 98
607 121
1067 103
1395 1241
1076 109
625 58
3 1
680 121
1034 890
758 98
668 41
1087 412
398 178
245 12
843 121
569 217
29 8
1089 877
1086 115
330 98
905 41
328 12
447 98
1202 232
1322 594
1280 399
928 98
208 500
218 178
239 121
856 98
263 121
814 121
1048 121
298 121
392 12
1106 174
131 12
353 178
699 121
1285 423
1180 538
1172 174
200 98
1112 154
552 293
440 121
213 121
367 98
30 490
1097 741
103 121
139 12
440 178
1374 1219
336 178
1143 123
793 41
690 42
1291 424
926 98
379 178
346 121
1014 347
674 58
438 12
262 12
58 98
1205 1221
466 98
130 121
176 12
979 314
646 121
911 121
1327 1197
728 58
235 98
1262 572
117 178
270 12
938 41
1009 115
425 98
1278 518
1266 978
195 121
1302 458
586 41
942 121
1299 577
10 65
1091 309
417 98
980 114
838 121
1081 115
632 121
435 121
827 41
931 58
463 121
504 178
1260 585
1018 517
206 12
826 58
1174 708
999 82
698 121
407 121
428 121
847 121
920 121
1201 675
756 121
359 121
1074 825
1271 993
809 121
74 98
1185 355
348 12
1247 502
723 121
666 41
151 121
854 121
23 6
1128 249
248 178
677 58
1067 103
1356 831
702 58
205 98
414 178
325 121
727 121
903 41
81 98
1255 561
171 98
682 98
241 121
1093 538
290 121
411 98
114 98
1334 718
706 98
912 121
1051 121
1225 1246
192 121
26 161
422 98
1183 41
196 98
542 1219
1156 494
812 121
167 178
538 49
1356 816
1259 348
595 41
1248 1022
1021 338
1011 102
1212 244
1181 950
1283 1071
308 121
1297 1018
1379 784
1136 98
706 121
1251 603
1249 585
177 178
332 12
105 12
1318 531
1003 115
1250 552
1379 784
1117 620
1129 118
654 121
252 121
43 178
652 121
869 121
1253 366
980 314
713 41
1134 120
441 121
1010 122
684 121
40 98
289 98
1344 975
1037 90
166 121
1370 943
1278 971
119 121
663 58
349 98
969 58
731 121
499 121
478 121
324 98
553 35
423 121
832 121
680 98
123 12
109 121
586 98
416 178
1325 1101
1040 121
346 500
880 121
42 121
540 146
523 853
613 41
648 98
420 121
85 178
405 178
861 121
471 121
2 319
673 121
1159 156
816 58
446 121
330 121
418 98
182 121
942 121
192 12
364 98
734 41
987 538
713 121
1222 510
560 65
140 178
1342 616
318 98
518 121
196 121
1018 222
1164 161
1111 538
481 178
1133 120
421 98
313 1008
109 12
58 121
1070 221
692 41
1194 1129
589 41
15 6
874 58
278 121
660 58
672 41
1092 115
860 58
274 121
1287 975
792 121
676 58
382 178
102 121
1248 1224
1187 186
562 243
882 98
1112 115
902 121
933 41
831 58
63 178
354 12
1239 399
1181 627
676 98
672 121
434 121
790 98
866 98
1237 320
689 121
857 41
960 174
965 538
211 12
956 48
257 121
1231 279
1203 472
915 58
157 121
422 121
488 178
1185 531
151 121
104 12
32 123
297 178
368 121
596 58
859 98
163 121
112 121
1073 472
1201 709
360 178
26 1170
950 314
1233 283
1030 965
157 121
259 98
1151 277
1316 773
885 98
529 79
339 121
492 12
621 121
1260 830
922 98
611 121
1119 708
1219 626
969 98
383 178
366 121
97 121
262 121
965 160
482 98
347 98
1247 653
511 121
344 121
1336 767
384 12
1191 490
1232 822
151 853
637 121
1115 708
398 98
1176 708
1164 161
69 98
367 178
1328 538
232 12
979 65
1009 73
789 121
334 178
183 900
239 178
1265 458
84 12
521 121
1030 746
299 178
1277 1180
1170 892
466 121
217 121
1071 871
1054 121
877 121
156 12
548 320
96 178
204 12
1340 735
1082 276
622 121
1067 652
546 109
770 41
597 98
1050 58
1369 1203
477 12
521 178
1065 1131
1185 1107
1239 503
659 972
1176 567
913 98
1163 157
486 98
1099 297
887 121
194 121
794 121
381 319
451 178
370 905
1053 116
36 121
182 178
352 178
1033 1002
254 98
399 178
124 178
202 121
719 58
323 178
968 293
487 12
641 58
187 12
414 121
933 121
1371 1006
52 178
490 12
419 121
994 538
469 99
395 178
574 58
1135 178
733 98
258 178
986 314
465 12
895 58
1018 318
79 12
878 58
232 98
687 121
62 12
1104 708
1094 115
453 121
4 489
378 121
300 98
125 178
1002 721
508 178
248 121
1112 115
455 222
692 121
427 98
81 121
775 98
755 121
268 178
678 41
47 121
846 58
799 121
650 121
975 1247
476 121
247 98
1238 1037
1118 799
106 178
808 41
1297 1019
1378 784
1300 575
992 224
637 41
999 644
551 61
1219 1119
469 121
1341 775
1010 122
752 98
737 58
1335 550
122 121
888 58
594 58
1178 495
755 121
526 88
681 121
1199 198
747 58
409 121
1190 297
426 98
92 178
93 12
1071 301
1103 115
1102 115
1034 538
140 121
1073 108
943 121
116 98
1024 157
402 178
63 121
914 58
781 121
65 98
975 779
406 178
1042 121
292 121
1231 1067
668 121
173 178
1235 1049
1293 426
1043 41
61 121
708 41
932 121
224 178
969 41
681 58
1154 538
473 178
629 41
373 12
139 98
1262 722
655 121
1304 822
1254 1234
922 121
841 41
304 98
62 178
1226 422
1039 94
803 98
24 538
1202 213
566 1163
1082 538
71 12
1270 1126
634 121
775 58
658 58
599 121
186 12
914 41
154 12
725 98
12 344
412 932
1019 412
1253 829
1353 869
1078 112
142 12
419 98
758 58
719 121
908 121
1194 412
668 121
1361 1156
74 121
68 12
1025 412
1303 533
778 121
494 121
1370 739
941 41
642 41
264 12
999 723
940 128
1207 270
707 98
1195 538
1063 173
1314 480
877 41
1066 288
433 98
1370 944
449 178
942 41
1329 538
1068 338
82 12
26 247
1184 719
1237 1199
1324 1156
1377 778
367 121
566 568
162 121
1260 1029
899 58
421 178
831 121
854 121
685 121
1374 678
321 12
280 121
556 28
1100 538
374 121
138 98
272 500
1343 1113
838 98
782 121
1135 121
1333 546
604 41
147 1135
254 12
249 178
393 121
297 98
1329 538
69 121
159 12
656 41
1224 679
212 121
787 98
950 65
390 12
80 121
356 121
123 121
1084 538
1335 594
357 12
502 98
1020 538
807 121
1188 588
344 98
1220 257
1209 835
460 12
557 231
663 41
152 98
97 788
687 58
776 58
678 58
1096 959
1119 115
1032 874
547 314
466 121
188 500
358 121
466 178
1182 684
38 121
914 41
204 98
1130 206
790 58
1018 1038
1030 108
1058 977
549 854
1086 538
1236 799
940 58
724 41
574 98
1222 509
753 121
1176 174
591 121
333 12
106 12
505 98
766 98
100 98
1075 108
977 976
39 121
823 41
965 338
70 121
261 98
43 98
934 121
1252 316
307 398
313 121
916 58
460 121
936 121
57 178
1036 708
290 121
849 41
687 98
1374 812
517 12
275 178
1024 338
1215 519
1275 1151
1107 115
321 121
1368 1227
746 121
1085 652
1110 741
1289 457
62 121
1372 1052
1235 287
877 58
824 58
1250 1012
1271 377
472 178
972 61
1258 810
1278 447
566 496
1266 815
384 932
112 178
459 178
493 98
1003 741
817 41
1013 872
986 137
429 12
1333 1155
666 58
716 121
1352 1093
781 41
270 121
441 178
715 41
222 12
492 121
522 178
1254 426
1090 490
769 121
1024 652
562 33
1170 170
1372 916
315 98
524 14
1163 143
955 983
456 98
473 98
1383 1229
1151 126
1062 1093
126 178
559 583
1168 209
1128 116
11 724
825 58
899 121
1289 790
214 121
480 121
202 121
223 178
1228 806
1127 538
1030 336
615 58
741 58
285 178
721 98
688 58
809 98
242 121
1387 1011
1041 121
77 121
198 121
487 121
980 114
115 1134
280 12
1041 12
1245 307
528 768
644 41
999 338
112 121
885 121
225 121
1351 619
85 121
287 98
867 98
264 121
558 134
931 121
1055 98
600 58
679 41
768 41
1066 103
921 41
591 228
192 298
894 1010
486 121
301 121
446 121
943 121
1153 364
1040 12
567 115
735 41
1227 263
1309 781
988 70
1105 412
254 507
336 121
327 121
731 121
266 178
6 482
1209 361
78 98
434 12
673 58
582 98
232 121
1020 115
824 121
627 121
391 121
487 121
742 121
1335 679
305 121
1006 597
307 121
1319 895
1093 708
669 98
64 98
1053 121
908 58
1306 833
23 701
908 121
819 121
1282 781
1124 280
128 98
584 58
1209 403
821 929
1146 701
70 178
4 506
181 98
927 98
443 178
469 121
439 178
1101 115
7 332
524 799
619 58
554 391
617 121
815 121
3 358
884 58
212 12
355 178
461 121
530 123
713 58
185 98
709 121
550 402
173 121
534 713
553 907
612 121
982 115
132 12
815 121
260 178
532 538
736 949
165 98
1140 123
1071 105
757 41
1271 446
1268 436
514 121
294 178
1088 538
148 98
247 12
684 121
1233 397
153 12
180 178
1324 665
761 121
297 12
302 178
851 121
581 58
1042 12
243 121
1072 169
591 121
978 65
1054 707
888 121
1073 310
592 41
1119 115
126 12
947 121
1201 776
603 121
677 41
443 98
1309 642
239 500
1281 963
1122 538
913 121
823 121
1142 123
178 12
1349 1139
1247 366
1177 708
1132 120
749 41
640 98
456 12
971 538
714 121
216 12
775 41
274 178
1154 538
327 178
183 12
21 6
246 121
1220 936
829 98
160 178
518 121
1147 1102
816 98
1315 504
1175 602
595 98
217 938
713 121
1253 329
752 58
1172 538
223 121
421 12
508 98
46 12
850 121
186 178
221 121
181 392
1115 174
962 51
706 41
467 98
796 121
190 121
1021 652
47 98
188 12
238 12
174 121
438 121
1095 307
354 98
996 490
230 98
110 121
1006 72
316 121
251 121
1114 538
286 98
300 121
656 121
432 121
406 12
1379 784
582 58
585 41
236 121
103 12
434 98
231 121
1114 143
921 121
1131 120
364 121
488 12
44 178
112 98
1020 82
565 708
636 121
1195 671
815 41
744 58
1307 452
374 178
809 41
1078 467
386 121
5 1105
373 121
725 121
1241 346
589 58
1282 687
703 98
21 59
1020 538
1359 1055
853 98
3 456
1175 538
830 121
276 98
435 98
862 41
560 32
740 121
430 98
64 121
1007 538
1176 538
169 121
1323 525
848 98
393 98
660 121
1085 221
1247 538
1204 913
667 41
94 121
685 58
878 121
229 98
794 98
252 98
901 121
741 98
813 121
327 121
549 90
261 12
1028 82
1347 612
702 121
230 12
872 121
311 12
172 121
1019 115
1097 157
1210 676
1261 452
70 98
379 121
1310 793
361 121
26 347
717 121
162 178
60 98
987 65
842 121
765 41
135 178
548 28
1381 792
540 24
52 121
861 98
118 12
363 178
675 98
52 12
429 98
890 41
433 121
682 121
701 98
352 121
1200 462
629 121
134 178
670 41
1007 71
228 121
1134 120
1211 243
661 121
390 178
940 128
760 121
924 41
912 121
91 121
1226 260
71 121
1025 538
1382 1189
1371 482
1186 185
33 10
1114 297
81 12
376 98
447 121
41 12
1383 915
1003 115
199 121
1111 708
311 98
722 98
1104 347
128 121
98 178
260 121
417 121
575 121
1319 584
352 12
113 98
53 12
1295 549
1001 356
75 12
1021 293
16 5
558 168
786 58
397 178
310 121
13 59
411 178
581 98
1026 173
356 98
748 41
527 961
1 741
805 98
168 121
1367 1033
504 98
966 347
1050 121
105 178
1368 1207
542 474
451 12
285 121
1103 115
1141 123
34 26
140 98
642 121
1304 526
374 98
1246 309
1001 190
283 500
26 741
872 121
656 58
1173 538
1312 493
1004 538
368 121
45 121
712 58
772 98
1133 120
698 121
962 237
68 121
104 121
1363 1164
1384 928
1276 452
1124 280
1321 799
92 121
320 1080
342 121
991 169
733 41
613 980
414 12
590 121
93 178
543 804
830 41
720 41
123 538
1379 784
824 98
669 41
189 98
105 121
92 121
621 41
677 121
1126 441
962 1063
291 121
664 98
1318 1049
1395 1239
329 121
142 121
142 178
1124 538
338 121
362 12
592 58
662 41
168 98
732 121
1040 178
1012 723
1278 388
774 121
744 121
1212 271
762 58
178 121
1059 98
634 41
1254 812
696 121
1146 701
567 166
577 121
941 121
586 121
1106 514
198 12
1135 121
527 280
159 178
1368 1228
1065 174
91 121
1270 576
898 98
263 12
654 41
664 58
865 58
462 121
551 267
739 98
1307 625
163 121
5 605
1175 708
462 121
447 12
937 58
990 65
137 98
691 98
894 58
47 178
122 178
1272 377
432 178
1103 538
1176 538
4 1114
510 121
159 121
165 121
187 121
1089 538
228 121
849 121
1184 262
1279 1054
46 121
944 121
381 1075
224 121
438 121
102 98
259 500
720 121
945 58
225 12
1030 1032
868 98
648 121
464 12
1005 105
181 178
886 41
843 98
1072 364
1185 1145
378 12
991 881
1084 538
307 12
1224 702
989 295
363 12
49 178
280 98
368 98
105 98
611 58
442 98
389 178
739 58
1198 519
690 58
645 41
504 12
839 58
956 708
1251 315
1252 337
99 121
891 41
455 12
689 121
795 98
1125 708
979 218
311 178
481 12
1317 491
309 121
391 178
593 98
438 178
800 58
232 121
1165 341
1225 258
726 58
1036 174
288 121
1295 461
1213 436
396 121
440 923
53 98
1231 513
569 172
970 106
1288 413
1342 594
746 121
143 121
554 267
310 392
622 58
6 1088
844 121
164 178
981 123
734 98
994 314
765 121
175 121
177 121
1117 115
256 178
282 121
766 41
1022 115
1355 750
791 98
244 178
1290 1104
1329 538
178 98
496 121
937 121
297 121
233 121
678 121
249 121
353 98
867 58
1150 264
578 121
371 178
160 1047
907 41
753 41
789 98
1 1
385 724
152 807
507 121
454 121
350 12
289 121
349 178
954 132
1299 440
1030 1086
507 121
130 121
7 538
327 98
709 58
471 12
519 121
168 178
1126 115
148 178
802 58
624 121
251 98
655 980
159 121
1002 737
1040 121
1037 293
905 58
341 12
962 922
3 471
627 121
1001 161
264 178
145 121
1116 115
1277 530
752 121
385 618
1154 538
1376 771
410 121
173 538
833 121
486 121
126 98
75 178
813 98
24 263
372 98
1147 571
209 1181
643 98
375 121
693 58
485 12
832 41
822 121
1097 708
1065 538
809 41
446 98
227 178
322 121
645 121
45 98
890 98
1382 1182
39 178
1341 575
848 58
372 12
1268 372
1085 548
146 1047
702 121
1339 563
1378 784
1112 433
328 178
1162 174
807 58
453 121
97 121
593 121
132 121
52 121
647 121
203 178
1018 558
1364 813
761 58
514 12
165 1181
1198 452
660 41
731 929
7 652
827 98
793 121
549 28
980 219
1389 1192
967 147
493 121
590 121
212 932
1247 600
109 178
1360 772
265 98
834 98
559 945
168 121
445 98
944 121
1238 690
1110 538
896 58
149 98
275 121
541 799
785 58
112 12
821 121
710 121
67 178
807 41
1348 616
737 121
69 121
893 58
953 316
1276 1113
616 121
7 433
1033 86
1326 538
1366 502
670 121
687 121
1256 344
966 433
985 65
1341 823
445 121
1026 90
318 121
1335 794
1120 799
751 121
57 121
34 780
675 41
242 98
1255 575
1337 605
719 41
670 98
55 121
1079 1109
552 275
1319 1036
569 214
1336 195
426 121
778 58
653 58
263 900
27 931
779 98
1323 742
656 121
784 41
958 344
1116 561
1132 432
169 98
8 67
223 121
1051 41
953 316
1142 123
388 98
276 12
25 1176
85 98
827 121
724 58
320 178
135 12
325 12
1136 121
835 58
902 98
502 121
1107 115
777 98
240 1075
1220 534
528 281
29 26
204 178
377 12
1146 123
1144 278
24 327
763 121
909 121
1109 538
617 121
889 121
531 277
696 58
250 121
1086 433
1327 682
1131 120
1038 538
668 58
1235 990
891 98
555 1027
547 1152
1190 194
310 121
545 26
80 98
1142 123
108 178
791 41
897 41
1305 899
380 12
749 121
1113 174
294 121
868 121
1011 102
1059 178
1199 745
7 338
1007 538
382 121
725 41
399 12
11 211
1098 115
1368 1226
491 121
582 121
380 121
77 121
375 178
468 897
235 121
1264 613
630 98
236 12
38 98
1139 538
480 12
856 121
475 12
601 121
583 121
730 121
513 178
898 41
783 98
385 121
496 12
512 121
869 121
998 115
250 178
1293 509
1242 1254
1102 538
1178 538
1333 714
930 41
1069 115
231 98
1223 610
1356 635
281 121
1241 296
584 121
847 41
892 98
1292 425
900 41
661 98
351 98
91 98
774 58
236 178
1034 862
164 500
633 153
681 98
787 41
578 41
403 98
139 121
820 121
170 98
148 121
930 121
793 121
26 157
1028 115
844 58
736 98
468 121
1317 593
237 98
966 495
1258 532
996 314
1139 123
1277 387
605 121
607 121
55 98
1075 453
459 98
1088 115
1321 514
817 98
150 121
565 538
635 121
981 701
1230 713
7 115
752 41
633 110
347 121
267 178
906 98
910 121
769 41
612 58
1098 799
915 98
170 178
1060 101
604 58
396 98
1338 554
944 58
1158 723
561 32
1009 708
138 121
1296 1015
642 98
48 12
1370 946
839 121
1219 562
428 121
503 121
381 12
622 121
129 121
171 178
1193 194
415 178
178 121
588 121
320 98
1171 173
820 58
1008 847
313 121
962 262
58 12
682 121
787 58
123 98
630 121
966 56
919 41
174 12
1303 640
1240 1076
404 98
502 178
883 121
946 121
1204 409
1255 1066
978 123
1092 325
657 98
893 41
981 314
364 12
763 41
884 41
1122 174
981 65
1196 347
924 98
1306 451
935 121
662 98
1253 435
1381 1225
1126 657
66 178
1194 799
1253 1217
95 178
1284 1212
935 121
781 58
644 121
31 144
240 178
643 121
501 178
1100 708
935 58
864 121
743 121
338 98
1225 428
532 221
556 28
217 121
298 121
628 41
638 121
1150 296
530 49
326 121
1015 136
700 41
618 121
618 98
650 41
1200 783
948 121
1099 115
633 58
107 178
561 665
1191 538
20 123
1358 803
715 98
542 25
1004 538
825 121
649 121
506 98
149 121
297 121
177 121
601 121
1379 784
401 98
1266 469
450 12
62 98
432 12
58 178
147 12
1123 115
893 98
587 58
1301 456
1324 1056
1089 538
610 98
760 58
1226 693
387 121
334 121
143 12
1372 991
495 12
14 307
783 121
692 595
535 556
436 121
1266 366
1132 638
1213 619
591 98
1121 708
1096 175
1221 964
1100 538
528 648
1274 1142
538 538
340 121
1050 121
856 41
338 178
489 98
412 98
994 479
429 121
171 121
563 357
201 178
479 121
404 121
73 121
166 98
226 121
84 121
372 121
1265 477
1057 121
1048 98
1020 538
216 178
485 121
1052 41
1329 1137
360 12
569 85
743 58
394 98
679 121
914 121
365 98
746 41
1357 636
561 585
225 98
402 12
502 121
179 98
401 121
866 58
954 538
1093 115
693 121
661 949
874 98
238 121
340 12
430 178
451 98
391 98
191 178
1072 107
1377 783
784 58
484 121
12 192
535 650
1120 799
895 121
237 178
1087 347
1194 799
157 12
710 58
1007 538
1087 115
1321 1200
547 27
623 41
1000 115
472 121
1355 809
487 98
974 127
649 98
64 178
348 178
821 121
1184 1099
1196 538
744 972
291 12
201 121
677 121
641 98
1343 774
1102 157
546 113
364 178
1375 668
1190 488
437 121
1256 347
242 121
53 178
293 178
685 41
1255 1004
377 121
407 121
304 12
1101 799
43 12
1208 499
373 121
889 41
162 121
690 121
371 12
785 121
350 121
333 121
285 12
818 121
882 41
1134 120
1200 1236
863 58
1142 123
780 98
859 41
35 897
129 178
1230 274
205 178
1015 202
1052 121
1222 476
1018 80
1308 487
512 121
152 121
796 41
1019 154
937 41
1114 607
470 121
1044 178
541 25
19 212
115 98
1090 115
1 180
772 972
1069 103
82 121
2 357
989 357
165 178
479 98
802 121
191 121
478 98
39 121
1195 194
209 12
531 326
689 58
1255 431
441 12
646 121
628 121
473 12
1029 338
291 98
1332 581
427 12
502 12
1201 751
237 121
633 41
703 41
1109 115
1279 1161
434 121
361 12
646 58
320 121
999 65
508 12
1030 83
1282 400
455 121
741 41
875 121
1124 280
270 98
780 41
1159 369
395 121
210 121
1239 186
37 121
9 327
290 178
1123 174
602 58
661 121
1143 180
859 41
20 123
1134 161
990 701
234 121
361 98
1240 1177
1361 1255
380 98
849 121
1049 41
1303 1192
566 36
1187 545
614 41
1224 258
1072 592
519 121
165 121
298 178
950 220
951 143
925 121
1002 694
857 121
62 121
603 41
389 12
763 121
847 121
93 121
896 41
7 115
114 12
51 98
513 121
1063 354
230 121
1290 774
876 58
376 121
994 115
955 47
822 41
671 58
767 121
533 116
779 58
961 276
420 121
415 121
971 538
1219 814
422 121
1084 115
319 12
965 82
359 121
1225 641
570 58
440 121
93 98
1160 741
1014 799
720 58
1283 405
872 41
1023 338
1206 233
571 58
770 58
359 178
120 12
776 98
119 12
1185 182
344 178
598 121
47 12
312 121
543 759
826 121
162 98
1100 115
1339 981
1110 115
1337 440
136 178
1137 121
348 121
747 121
705 41
766 121
704 58
1140 123
798 58
1021 82
1127 338
478 178
771 121
556 267
1091 538
658 121
525 34
1006 912
637 121
1151 276
22 59
910 58
399 1008
389 121
582 41
902 121
860 41
949 1245
1194 331
790 121
806 121
240 121
369 98
843 58
457 121
245 121
1134 553
240 98
1365 703
394 12
840 929
388 121
866 121
736 41
226 12
601 58
619 121
522 12
876 41
1192 371
337 12
903 98
557 840
67 121
38 12
193 178
362 178
809 98
732 98
138 178
397 12
841 98
120 121
40 178
1145 180
285 98
1134 359
628 98
381 121
332 121
1273 380
1321 777
843 121
1020 115
128 121
1222 477
1285 997
375 98
1096 582
974 62
774 98
893 121
505 12
1240 683
264 98
1094 174
303 12
511 121
365 178
848 41
856 58
70 121
66 121
1232 280
394 121
296 98
1257 805
1022 154
888 121
725 58
988 609
770 121
919 121
1077 1233
1245 996
992 230
35 178
402 98
574 41
829 58
332 121
1262 351
951 136
924 121
143 178
531 173
2 180
1200 748
355 98
335 98
892 121
42 12
1042 121
832 58
1237 289
286 121
545 314
166 121
1213 617
462 178
1117 154
934 41
985 314
1210 271
1102 115
696 41
898 121
766 58
923 41
515 897
96 121
509 98
1354 634
1367 1050
1007 538
206 121
951 189
829 41
119 98
554 28
61 98
940 121
525 15
516 178
244 121
952 44
83 98
500 178
611 98
669 121
252 121
659 121
1230 434
974 84
1030 868
620 58
226 178
1126 420
645 121
1032 86
1055 121
225 121
1059 121
990 123
1327 1233
797 121
602 98
541 538
773 121
975 559
913 121
337 178
1148 464
1289 705
1345 617
385 121
22 153
970 941
934 121
167 121
148 121
1248 313
277 98
218 1047
89 121
795 58
1182 313
365 12
1189 529
564 136
358 12
250 98
161 98
915 41
80 121
1204 256
1055 121
1275 518
684 58
1269 974
901 121
881 121
792 41
647 121
765 121
662 121
1350 1175
128 12
776 41
406 121
982 314
540 147
1245 568
329 178
640 121
575 41
333 98
208 98
239 121
800 98
90 178
305 98
88 121
1246 755
338 121
251 12
1027 115
686 58
439 12
1018 229
592 121
1124 280
278 1081
219 121
496 121
551 232
1013 75
1148 1077
214 121
1053 121
980 65
279 98
605 121
610 58
468 121
172 98
1227 1001
901 41
804 41
131 121
1393 1162
208 121
1318 1140
604 98
1191 723
549 143
982 115
958 115
395 98
191 98
483 121
210 98
590 98
669 121
1023 538
542 1130
833 58
574 121
926 58
24 6
1374 766
658 98
919 98
516 121
128 178
331 121
461 121
809 121
773 41
1199 888
68 121
1045 12
1149 125
1335 645
833 98
246 178
1251 1106
1096 115
106 121
1128 310
730 121
997 314
1081 538
923 121
538 115
1366 732
427 121
1030 449
694 58
631 121
710 98
765 98
1243 576
1259 1023
392 121
1268 637
942 58
284 121
755 41
202 12
517 121
1153 136
547 32
462 12
1094 115
636 98
120 178
521 12
614 121
130 178
72 12
576 41
274 121
1048 41
149 12
599 41
734 121
110 12
18 220
73 12
563 180
294 1178
1232 280
1373 763
775 121
535 1094
1287 412
381 121
135 121
469 27
733 121
619 121
1044 12
760 98
450 98
812 41
191 1181
722 121
979 555
1017 1045
996 331
1046 98
643 41
507 178
938 121
739 121
284 12
446 178
691 58
1249 685
1275 732
306 121
153 98
652 121
1146 123
161 121
852 41
1165 161
1074 108
56 178
526 90
566 290
855 121
243 121
183 98
522 121
295 923
459 12
688 98
1262 731
595 121
1274 586
1074 108
1214 1068
1074 655
379 98
826 41
1350 634
999 293
296 121
861 121
1180 174
457 12
1203 822
416 121
546 113
986 137
1374 1148
562 127
938 121
1072 622
392 98
947 121
570 98
964 53
1303 447
748 58
616 58
509 12
945 121
644 121
305 12
788 58
576 58
422 12
1269 373
103 500
265 1081
891 121
753 58
983 429
613 121
928 121
850 98
676 121
100 12
971 538
967 95
527 220
91 12
878 41
194 121
302 98
182 121
352 611
207 121
526 89
1087 433
18 49
133 12
1357 828
1106 115
962 1100
677 98
1079 113
150 12
19 207
882 121
1319 527
1305 665
1371 744
113 121
828 121
809 121
1242 761
1276 527
767 98
179 12
157 178
905 121
984 701
968 147
1 538
560 612
1037 538
571 121
1166 961
492 98
459 121
961 215
711 41
916 121
887 98
311 121
1175 652
1224 599
1176 330
1144 123
207 12
597 121
102 178
694 121
689 98
768 58
153 121
362 121
515 12
1081 115
916 41
966 538
210 12
1203 223
1097 851
175 12
500 121
834 41
1212 241
709 121
435 178
762 41
888 41
765 58
544 80
1029 1048
1277 988
93 121
452 121
932 121
335 178
1094 337
96 12
520 121
1060 538
1024 741
806 58
581 121
141 121
750 121
255 12
468 98
26 161
553 35
306 121
536 21
1373 763
876 98
712 121
506 178
346 121
1004 174
101 1008
1223 670
1070 239
331 12
378 98
20 701
623 121
610 121
1383 870
1112 339
548 1202
176 178
422 117
30 8
205 121
945 41
125 98
1319 502
108 98
793 98
51 12
1209 237
628 121
1330 538
190 392
1342 128
1355 704
473 121
1391 1204
192 121
465 178
404 121
224 98
3 320
570 121
1384 927
861 41
883 41
147 98
563 538
1320 1133
1025 338
173 98
1288 917
1170 675
910 98
36 12
1124 280
615 121
1077 111
458 98
100 121
631 58
1159 898
1124 115
307 121
1259 766
188 121
632 121
846 121
172 121
1382 713
507 98
1357 1185
879 58
1330 538
219 121
974 269
1013 275
1312 468
276 121
737 41
1368 735
235 121
1352 695
1271 799
1039 236
26 7
752 121
1060 333
172 178
699 58
592 98
531 278
696 98
822 58
924 121
1098 115
546 954
1093 174
403 121
15 59
1343 734
471 178
583 58
41 121
724 121
778 121
261 178
1018 1026
299 98
868 121
876 121
737 121
308 12
584 121
1127 652
1144 153
834 121
208 12
414 121
1275 547
305 121
580 121
376 121
1316 488
757 58
1348 734
569 149
844 98
687 41
1164 161
1001 332
1291 625
375 121
925 98
671 41
1367 733
111 12
1181 175
1329 538
1075 108
43 121
1045 178
618 121
751 98
1016 632
1144 701
1106 440
1203 798
328 121
879 98
1389 1194
439 104
1221 918
1051 121
358 98
549 41
86 121
336 98
315 12
538 305
589 121
24 490
1030 345
363 98
247 121
1192 799
1104 115
1303 1239
521 121
117 121
326 178
463 121
624 41
794 121
206 178
600 41
108 121
1143 123
1260 585
659 58
352 923
1307 452
31 9
541 115
427 121
813 121
138 12
834 58
782 98
596 121
32 10
645 98
916 98
1162 220
1017 79
314 392
1058 121
515 121
310 98
961 49
973 61
1051 98
638 58
1189 665
1070 103
153 178
1036 538
1157 756
879 121
758 121
396 12
125 12
1372 758
552 331
681 121
296 178
634 121
659 41
233 121
864 41
1198 661
1028 652
338 12
970 60
693 121
606 98
1362 1243
1045 98
690 121
632 98
365 121
118 121
887 121
991 65
691 121
818 98
881 41
1016 78
1022 300
127 98
231 178
1071 354
941 58
495 98
1238 289
745 58
236 121
1011 75
1012 103
411 12
606 41
1024 82
373 98
276 1081
302 12
1006 538
1369 943
1375 887
667 121
1047 121
956 61
910 41
498 178
562 127
289 178
1222 468
506 12
485 98
1080 296
578 58
608 58
313 12
977 314
1215 407
190 178
859 121
594 41
305 353
1259 619
1160 433
1206 274
319 178
1099 176
777 41
949 174
100 178
518 12
155 121
268 121
1290 569
1092 708
953 45
32 145
832 121
1270 376
156 121
833 121
1264 595
89 98
185 121
708 58
498 98
1022 799
1234 285
939 58
284 121
514 178
1095 221
506 121
1134 425
145 98
1068 708
671 98
452 98
853 58
1327 1222
569 140
1298 688
906 121
1089 311
31 843
1141 137
568 39
1125 115
1316 952
419 12
655 98
1076 799
830 58
1172 184
837 121
1059 121
67 1181
1228 1220
1028 412
974 951
1329 538
270 121
499 98
371 98
972 404
1006 223
474 12
9 2
717 41
377 178
977 1214
1326 538
87 98
65 121
1152 128
903 121
1157 151
738 58
909 58
193 121
158 98
57 98
1254 329
1173 738
183 121
230 121
700 58
845 41
613 121
914 218
1167 342
179 178
362 98
797 121
26 408
1035 87
1255 580
1192 240
891 121
271 121
708 121
968 538
482 178
635 121
184 98
564 33
728 121
287 121
357 121
577 58
1155 147
6 439
742 98
139 178
471 121
267 98
1303 1237
1009 347
1134 120
246 121
1291 710
482 121
524 347
373 178
39 98
377 121
434 178
107 98
448 121
997 164
1147 124
534 1188
1122 538
115 121
718 58
654 121
586 121
276 178
1277 501
228 178
347 12
863 92
552 427
507 12
1303 1241
29 64
329 12
175 178
509 121
375 12
472 12
194 178
83 392
536 654
900 98
1163 741
762 98
621 980
845 121
213 98
1169 170
938 121
984 65
448 12
1272 488
1027 82
440 12
138 121
1380 792
306 98
21 123
539 701
580 121
632 58
1134 649
1022 658
821 41
988 314
82 121
1139 123
1046 121
567 37
695 98
964 701
968 115
996 538
155 12
1337 948
